1, 1501.092991
1, 1595.196755
1, 1617.133016
1, 1616.405935
1, 1610.097505
1, 1622.031840
1, 1619.005661
1, 1619.943611
1, 1620.360827
1, 1615.472076
4, 1509.715434
4, 1691.081141
4, 1723.952253
4, 1721.446337
4, 1720.240204
4, 1720.769517
4, 1722.654163
4, 1721.799672
4, 1723.037486
4, 1721.946937
16, 1732.571940
16, 1737.423826
16, 1748.651267
16, 1751.496074
16, 1750.384434
16, 1752.334545
16, 1750.513799
16, 1748.719616
16, 1751.313242
16, 1750.026877
64, 1840.571956
64, 1845.079962
64, 1845.498566
64, 1845.101099
64, 1846.473930
64, 1844.325687
64, 1846.543789
64, 1848.805433
64, 1845.743897
64, 1839.943264
256, 1860.029698
256, 1868.408772
256, 1856.419903
256, 1870.584188
256, 1868.806587
256, 1864.844680
256, 1867.072942
256, 1868.504687
256, 1855.265161
256, 1849.882558
512, 1864.518967
512, 1871.509324
512, 1870.917458
512, 1867.061849
512, 1872.644645
512, 1868.087771
512, 1864.236252
512, 1873.532863
512, 1861.934300
512, 1874.029619
1024, 1871.101119
1024, 1866.669374
1024, 1867.190096
1024, 1867.043588
1024, 1864.455699
1024, 1868.776636
1024, 1871.303432
1024, 1875.550544
1024, 1873.597974
1024, 1874.980539
