1, 430.247908
1, 481.309563
1, 480.619237
1, 482.325667
1, 481.619981
1, 481.264001
1, 481.147604
1, 481.656853
1, 481.793327
1, 481.631042
4, 442.183796
4, 505.985299
4, 506.623337
4, 506.336906
4, 506.473456
4, 504.917574
4, 506.117588
4, 505.410395
4, 505.761076
4, 505.995473
16, 473.827109
16, 517.738773
16, 518.519471
16, 513.225550
16, 519.340404
16, 519.147427
16, 517.514789
16, 517.263720
16, 517.826430
16, 518.270361
64, 479.574114
64, 515.528562
64, 518.466225
64, 517.141390
64, 518.526307
64, 518.522092
64, 518.314360
64, 517.429200
64, 517.564173
64, 514.724142
256, 478.729197
256, 517.640650
256, 516.271124
256, 516.713824
256, 515.889768
256, 516.701717
256, 516.471063
256, 516.124521
256, 515.839212
256, 516.502121
512, 478.928078
512, 515.818052
512, 516.640500
512, 516.464786
512, 516.519354
512, 516.351698
512, 516.650822
512, 517.074601
512, 516.346285
512, 515.033356
1024, 469.957668
1024, 515.945774
1024, 516.205211
1024, 516.284572
1024, 472.932698
1024, 494.635387
1024, 516.095269
1024, 515.692911
1024, 515.827912
1024, 493.009119
